128.423 120.217 279.944 -179.278 -0.212 -138.205
138.027 120.292 279.996 -179.278 -0.213 -138.203
151.826 120.291 279.993 -179.278 -0.212 -138.203
161.430 120.295 279.992 -179.279 -0.213 -138.204
175.916 120.308 259.000 173.871 -7.809 -137.730
182.916 120.305 258.996 173.870 -7.808 -137.727
195.325 120.302 258.991 173.870 -7.807 -137.725
212.698 120.313 258.982 173.870 -7.806 -137.727
365.859 224.864 -43.124 -176.027 -3.399 41.145
141.062 147.117 261.186 -175.635 -3.397 -138.342
153.061 147.123 261.185 -175.635 -3.396 -138.344
163.855 147.131 261.184 -175.635 -3.396 -138.345